%HEADER

%NODE
29

%NODE.COORD
29
1       +1.666667e-001    +8.666667e-001    +0.000000e+000
2       +5.000000e-001    +8.666667e-001    +0.000000e+000
3       +8.333333e-001    +8.666667e-001    +0.000000e+000
4       +7.500000e-001    +0.000000e+000    +0.000000e+000
5       +5.000000e-001    +0.000000e+000    +0.000000e+000
6       +2.500000e-001    +0.000000e+000    +0.000000e+000
7       +2.266256e-001    +3.965948e-001    +0.000000e+000
8       +2.748891e-001    +5.309616e-001    +0.000000e+000
9       +3.492723e-001    +7.380458e-001    +0.000000e+000
10      +7.928932e-001    +7.928932e-001    +0.000000e+000
11      +7.928932e-001    +5.000000e-001    +0.000000e+000
12      +7.928932e-001    +2.071068e-001    +0.000000e+000
13      +0.000000e+000    +0.000000e+000    +0.000000e+000
14      +1.000000e+000    +0.000000e+000    +0.000000e+000
15      +1.000000e+000    +1.000000e+000    +0.000000e+000
16      +0.000000e+000    +1.000000e+000    +0.000000e+000
17      +5.882423e-001    +9.254324e-002    +0.000000e+000
18      +4.536866e-001    +2.506413e-001    +0.000000e+000
19      +6.372855e-001    +6.761904e-001    +0.000000e+000
20      +3.915597e-001    +4.055697e-001    +0.000000e+000
21      +2.393215e-001    +1.556706e-001    +0.000000e+000
22      +4.677879e-001    +1.217641e-001    +0.000000e+000
23      +8.095747e-001    +7.876233e-002    +0.000000e+000
24      +5.493148e-001    +5.128015e-001    +0.000000e+000
25      +6.651796e-001    +1.817581e-001    +0.000000e+000
26      +7.062470e-001    +3.365895e-001    +0.000000e+000
27      +5.596172e-001    +2.149225e-001    +0.000000e+000
28      +4.613205e-001    +6.942942e-001    +0.000000e+000
29      +6.080433e-001    +3.691633e-001    +0.000000e+000


%CONTROL.POINT.WEIGHT
29
1       7.500000e-001
2       7.500000e-001
3       7.500000e-001
4       1.000000e+000
5       1.000000e+000
6       1.000000e+000
7       1.606966e+000
8       1.845524e+000
9       2.393034e+000
10      8.535534e-001
11      8.535534e-001
12      8.535534e-001
13      1.000000e+000
14      1.000000e+000
15      1.000000e+000
16      1.000000e+000
17      1.061509e+000
18      1.202985e+000
19      1.192782e+000
20      1.414784e+000
21      1.227029e+000
22      1.077588e+000
23      9.166986e-001
24      1.290014e+000
25      1.015035e+000
26      9.780747e-001
27      1.090580e+000
28      2.204785e+000
29      1.186017e+000

%ELEMENT
10

%ELEMENT.SHALLOWSHELL.BEZIER.TRIANGLE
10
1    1 1 1 2  2     28    19    8     24    11   
2    1 1 1 2  16    9     1     8     28    2    
3    1 1 1 2  15    3     10    2     19    11   
4    1 1 1 2  13    6     21    5     22    18   
5    1 1 1 2  5     4     17    14    23    25   
6    1 1 1 2  5     17    22    25    27    18   
7    1 1 1 2  18    29    20    11    24    8    
8    1 1 1 2  8     7     20    13    21    18   
9    1 1 1 2  14    12    23    11    26    25   
10   1 1 1 2  25    26    27    11    29    18   

%END