%HEADER

%NODE
58

%NODE.COORD
58
1       +8.693981e-001    +8.693981e-001    +0.000000e+000
2       +7.928932e-001    +6.952621e-001    +0.000000e+000
3       +7.928932e-001    +5.000000e-001    +0.000000e+000
4       +7.928932e-001    +3.047379e-001    +0.000000e+000
5       +8.693981e-001    +1.306019e-001    +0.000000e+000
6       +0.000000e+000    +0.000000e+000    +0.000000e+000
7       +1.000000e+000    +0.000000e+000    +0.000000e+000
8       +1.000000e+000    +1.000000e+000    +0.000000e+000
9       +0.000000e+000    +1.000000e+000    +0.000000e+000
10      +1.000000e-001    +9.200000e-001    +0.000000e+000
11      +2.777778e-001    +8.666667e-001    +0.000000e+000
12      +5.000000e-001    +8.666667e-001    +0.000000e+000
13      +7.222222e-001    +8.666667e-001    +0.000000e+000
14      +9.000000e-001    +9.200000e-001    +0.000000e+000
15      +8.333333e-001    +0.000000e+000    +0.000000e+000
16      +6.666667e-001    +0.000000e+000    +0.000000e+000
17      +5.000000e-001    +0.000000e+000    +0.000000e+000
18      +3.333333e-001    +0.000000e+000    +0.000000e+000
19      +1.666667e-001    +0.000000e+000    +0.000000e+000
20      +1.728455e-001    +3.024796e-001    +0.000000e+000
21      +2.442305e-001    +4.456074e-001    +0.000000e+000
22      +2.748891e-001    +5.309616e-001    +0.000000e+000
23      +3.285720e-001    +6.804158e-001    +0.000000e+000
24      +2.889079e-001    +7.833191e-001    +0.000000e+000
25      +3.117941e-001    +1.741027e-001    +0.000000e+000
26      +6.679696e-001    +6.123242e-001    +0.000000e+000
27      +4.961462e-001    +5.230398e-001    +0.000000e+000
28      +6.602885e-001    +4.088332e-001    +0.000000e+000
29      +6.971580e-001    +2.824066e-001    +0.000000e+000
30      +5.633701e-001    +3.262936e-001    +0.000000e+000
31      +1.744950e-001    +1.315951e-001    +0.000000e+000
32      +6.173899e-001    +7.392432e-001    +0.000000e+000
33      +7.655065e-001    +1.148407e-001    +0.000000e+000
34      +8.699726e-001    +4.908168e-002    +0.000000e+000
35      +4.242759e-001    +6.103381e-001    +0.000000e+000
36      +4.482312e-001    +7.567062e-001    +0.000000e+000
37      +6.047976e-001    +4.985175e-001    +0.000000e+000
38      +6.674130e-001    +1.811061e-001    +0.000000e+000
39      +4.519283e-001    +2.495984e-001    +0.000000e+000
40      +7.267149e-001    +3.869248e-001    +0.000000e+000
41      +5.955733e-001    +2.035560e-001    +0.000000e+000
42      +5.083481e-001    +4.152784e-001    +0.000000e+000
43      +5.232385e-001    +2.239824e-001    +0.000000e+000
44      +3.740946e-001    +4.665035e-001    +0.000000e+000
45      +4.019899e-001    +3.497155e-001    +0.000000e+000
46      +7.226327e-001    +7.747498e-001    +0.000000e+000
47      +5.168815e-001    +6.418123e-001    +0.000000e+000
48      +7.198150e-001    +5.903126e-002    +0.000000e+000
49      +3.497730e-001    +8.041399e-001    +0.000000e+000
50      +6.348486e-001    +3.086810e-001    +0.000000e+000
51      +4.791628e-001    +8.083875e-002    +0.000000e+000
52      +5.382804e-001    +1.418901e-001    +0.000000e+000
53      +4.648600e-001    +1.648673e-001    +0.000000e+000
54      +6.145144e-001    +1.215524e-001    +0.000000e+000
55      +2.566884e-001    +2.719628e-001    +0.000000e+000
56      +7.845420e-001    +2.115942e-001    +0.000000e+000
57      +3.149514e-001    +8.128303e-002    +0.000000e+000
58      +5.587805e-001    +6.148783e-002    +0.000000e+000


%CONTROL.POINT.WEIGHT
58
1       9.023689e-001
2       8.535534e-001
3       8.535534e-001
4       8.535534e-001
5       9.023689e-001
6       1.000000e+000
7       1.000000e+000
8       1.000000e+000
9       1.000000e+000
10      8.333333e-001
11      7.500000e-001
12      7.500000e-001
13      7.500000e-001
14      8.333333e-001
15      1.000000e+000
16      1.000000e+000
17      1.000000e+000
18      1.000000e+000
19      1.000000e+000
20      1.404644e+000
21      1.686485e+000
22      1.845524e+000
23      2.210531e+000
24      1.928689e+000
25      1.234907e+000
26      1.005669e+000
27      1.237105e+000
28      1.008224e+000
29      9.839470e-001
30      1.159733e+000
31      1.111409e+000
32      1.114859e+000
33      9.401736e-001
34      9.518465e-001
35      1.699646e+000
36      1.384608e+000
37      1.089036e+000
38      1.001342e+000
39      1.178642e+000
40      9.083916e-001
41      1.045425e+000
42      1.302125e+000
43      1.103785e+000
44      1.449363e+000
45      1.303346e+000
46      7.854111e-001
47      1.034924e+000
48      9.847284e-001
49      3.119851e+000
50      1.062883e+000
51      1.045566e+000
52      1.063868e+000
53      1.102196e+000
54      1.035505e+000
55      1.395311e+000
56      8.812398e-001
57      1.110563e+000
58      1.034857e+000

%ELEMENT
10

%ELEMENT.SHALLOWSHELL.BEZIER.TRIANGLE
10
1    1 1 1 3  7     5     34    4     56    33    3     40    29    38   
2    1 1 1 3  8     14    1     13    46    2     12    32    26    3    
3    1 1 1 3  12    36    32    35    47    26    22    27    37    3    
4    1 1 1 3  39    30    45    28    42    44    3     37    27    22   
5    1 1 1 3  38    29    41    40    50    43    3     28    30    39   
6    1 1 1 3  6     19    31    18    57    25    17    51    53    39   
7    1 1 1 3  22    21    44    20    55    45    6     31    25    39   
8    1 1 1 3  17    16    58    15    48    54    7     34    33    38   
9    1 1 1 3  9     24    10    23    49    11    22    35    36    12   
10   1 1 1 3  17    58    51    54    52    53    38    41    43    39   

%END