%HEADER

%HEADER.ANALYSIS.ALGORITHM
'ModalAnalysis'

%HEADER.ANALYSIS.TOLERANCE
1.0e-6

%HEADER.ANALYSIS.MAXIMUM.ITERATIONS
100

%HEADER.ANALYSIS.EIGEN.ALGORITHM
'Subspaces'

%HEADER.ANALYSIS.EIGEN.NUMBER.MODES
15

%HEADER.PRINT.EQUIVALENT.MESH
1

%MATERIAL
1

%MATERIAL.FGM
1
1   70.0e9   0.3   2707   200e9   0.3   5700   1

%SECTION
1

%SECTION.FGM.SHELL
1
1   1   0.5   5.0   10

%INTEGRATION.ORDER
1
1   6   6   1   6   6   1

%NODE
147

%NODE.COORD
147
1       +1.666667e+000    +0.000000e+000    +0.000000e+000
2       +3.333333e+000    +0.000000e+000    +0.000000e+000
3       +5.000000e+000    +0.000000e+000    +0.000000e+000
4       +6.666667e+000    +0.000000e+000    +0.000000e+000
5       +8.333333e+000    +0.000000e+000    +0.000000e+000
6       +1.000000e+001    +1.666667e+000    +0.000000e+000
7       +1.000000e+001    +3.333333e+000    +0.000000e+000
8       +1.000000e+001    +5.000000e+000    +0.000000e+000
9       +1.000000e+001    +6.666667e+000    +0.000000e+000
10      +1.000000e+001    +8.333333e+000    +0.000000e+000
11      +2.000000e+000    +7.333333e+000    +0.000000e+000
12      +2.000000e+000    +6.666667e+000    +0.000000e+000
13      +2.000000e+000    +6.000000e+000    +0.000000e+000
14      +2.000000e+000    +5.333333e+000    +0.000000e+000
15      +2.000000e+000    +4.666667e+000    +0.000000e+000
16      +8.333333e+000    +1.000000e+001    +0.000000e+000
17      +6.666667e+000    +1.000000e+001    +0.000000e+000
18      +5.000000e+000    +1.000000e+001    +0.000000e+000
19      +3.333333e+000    +1.000000e+001    +0.000000e+000
20      +1.666667e+000    +1.000000e+001    +0.000000e+000
21      +4.522408e+000    +2.000000e+000    +0.000000e+000
22      +5.023689e+000    +2.195262e+000    +0.000000e+000
23      +5.414214e+000    +2.585786e+000    +0.000000e+000
24      +5.804738e+000    +2.976311e+000    +0.000000e+000
25      +6.000000e+000    +3.477592e+000    +0.000000e+000
26      +6.522408e+000    +4.000000e+000    +0.000000e+000
27      +7.023689e+000    +4.195262e+000    +0.000000e+000
28      +7.414214e+000    +4.585786e+000    +0.000000e+000
29      +7.804738e+000    +4.976311e+000    +0.000000e+000
30      +8.000000e+000    +5.477592e+000    +0.000000e+000
31      +0.000000e+000    +8.333333e+000    +0.000000e+000
32      +0.000000e+000    +6.666667e+000    +0.000000e+000
33      +0.000000e+000    +5.000000e+000    +0.000000e+000
34      +0.000000e+000    +3.333333e+000    +0.000000e+000
35      +0.000000e+000    +1.666667e+000    +0.000000e+000
36      +8.000000e+000    +6.522408e+000    +0.000000e+000
37      +7.804738e+000    +7.023689e+000    +0.000000e+000
38      +7.414214e+000    +7.414214e+000    +0.000000e+000
39      +7.023689e+000    +7.804738e+000    +0.000000e+000
40      +6.522408e+000    +8.000000e+000    +0.000000e+000
41      +5.333333e+000    +8.000000e+000    +0.000000e+000
42      +4.666667e+000    +8.000000e+000    +0.000000e+000
43      +4.000000e+000    +8.000000e+000    +0.000000e+000
44      +3.333333e+000    +8.000000e+000    +0.000000e+000
45      +2.666667e+000    +8.000000e+000    +0.000000e+000
46      +2.000000e+000    +3.477592e+000    +0.000000e+000
47      +2.195262e+000    +2.976311e+000    +0.000000e+000
48      +2.585786e+000    +2.585786e+000    +0.000000e+000
49      +2.976311e+000    +2.195262e+000    +0.000000e+000
50      +3.477592e+000    +2.000000e+000    +0.000000e+000
51      +1.000000e+001    +0.000000e+000    +0.000000e+000
52      +1.000000e+001    +1.000000e+001    +0.000000e+000
53      +0.000000e+000    +0.000000e+000    +0.000000e+000
54      +0.000000e+000    +1.000000e+001    +0.000000e+000
55      +2.000000e+000    +8.000000e+000    +0.000000e+000
56      +2.000000e+000    +4.000000e+000    +0.000000e+000
57      +4.000000e+000    +2.000000e+000    +0.000000e+000
58      +6.000000e+000    +4.000000e+000    +0.000000e+000
59      +8.000000e+000    +6.000000e+000    +0.000000e+000
60      +6.000000e+000    +8.000000e+000    +0.000000e+000
61      +7.340879e+000    +2.669034e+000    +0.000000e+000
62      +4.333073e+000    +8.666492e+000    +0.000000e+000
63      +8.731124e+000    +5.658702e+000    +0.000000e+000
64      +9.126312e+000    +4.219755e+000    +0.000000e+000
65      +5.666061e+000    +8.670054e+000    +0.000000e+000
66      +2.185488e+000    +2.192030e+000    +0.000000e+000
67      +3.000393e+000    +8.666455e+000    +0.000000e+000
68      +6.889625e+000    +8.612268e+000    +0.000000e+000
69      +6.722502e+000    +2.618124e+000    +0.000000e+000
70      +5.349790e+000    +1.626941e+000    +0.000000e+000
71      +4.097085e+000    +7.325517e-001    +0.000000e+000
72      +5.783563e+000    +8.770121e-001    +0.000000e+000
73      +9.269585e+000    +5.900798e+000    +0.000000e+000
74      +4.663569e+000    +9.333512e+000    +0.000000e+000
75      +6.664649e-001    +5.336423e+000    +0.000000e+000
76      +5.326551e+000    +9.333251e+000    +0.000000e+000
77      +3.112710e+000    +1.392036e+000    +0.000000e+000
78      +5.904119e+000    +9.241404e+000    +0.000000e+000
79      +6.110788e+000    +2.557519e+000    +0.000000e+000
80      +9.158968e+000    +4.863101e+000    +0.000000e+000
81      +3.998195e+000    +9.333604e+000    +0.000000e+000
82      +7.814897e+000    +7.807576e+000    +0.000000e+000
83      +7.445504e+000    +3.893056e+000    +0.000000e+000
84      +9.354512e+000    +5.319247e+000    +0.000000e+000
85      +4.680797e+000    +6.455396e-001    +0.000000e+000
86      +4.341313e+000    +1.269056e+000    +0.000000e+000
87      +6.561536e+000    +1.772127e+000    +0.000000e+000
88      +8.373266e+000    +4.650042e+000    +0.000000e+000
89      +5.137055e+000    +8.409736e-001    +0.000000e+000
90      +8.234286e+000    +3.445274e+000    +0.000000e+000
91      +8.612187e+000    +6.882477e+000    +0.000000e+000
92      +1.333504e+000    +5.666917e+000    +0.000000e+000
93      +6.666622e-001    +9.333337e+000    +0.000000e+000
94      +1.333548e+000    +6.999606e+000    +0.000000e+000
95      +2.312119e+000    +2.316037e+000    +0.000000e+000
96      +1.329864e+000    +4.333931e+000    +0.000000e+000
97      +1.467749e+000    +1.472446e+000    +0.000000e+000
98      +1.333275e+000    +8.666725e+000    +0.000000e+000
99      +9.102330e+000    +9.009705e-001    +0.000000e+000
100     +1.863348e+000    +3.375515e+000    +0.000000e+000
101     +1.383612e+000    +3.115205e+000    +0.000000e+000
102     +8.531995e+000    +8.527804e+000    +0.000000e+000
103     +6.663863e-001    +6.001801e+000    +0.000000e+000
104     +3.375414e+000    +1.863169e+000    +0.000000e+000
105     +6.547990e+000    +3.454595e+000    +0.000000e+000
106     +7.383660e-001    +7.397879e-001    +0.000000e+000
107     +8.137853e+000    +6.621913e+000    +0.000000e+000
108     +6.917760e+000    +3.089040e+000    +0.000000e+000
109     +7.388441e+000    +3.284150e+000    +0.000000e+000
110     +7.564327e-001    +4.098017e+000    +0.000000e+000
111     +7.688653e+000    +7.683190e+000    +0.000000e+000
112     +8.214591e+000    +1.792004e+000    +0.000000e+000
113     +7.556793e+000    +7.553826e+000    +0.000000e+000
114     +9.262451e+000    +9.259403e+000    +0.000000e+000
115     +2.090030e+000    +2.759816e+000    +0.000000e+000
116     +2.757069e+000    +2.094708e+000    +0.000000e+000
117     +7.910747e+000    +7.238405e+000    +0.000000e+000
118     +6.627126e+000    +8.135650e+000    +0.000000e+000
119     +7.244706e+000    +7.904538e+000    +0.000000e+000
120     +6.666607e-001    +4.673425e+000    +0.000000e+000
121     +2.443790e+000    +2.445591e+000    +0.000000e+000
122     +8.241283e+000    +4.089508e+000    +0.000000e+000
123     +9.115040e+000    +2.550034e+000    +0.000000e+000
124     +8.611628e+000    +6.243730e+000    +0.000000e+000
125     +5.000072e+000    +8.665578e+000    +0.000000e+000
126     +2.333662e+000    +9.333292e+000    +0.000000e+000
127     +3.753903e+000    +1.389917e+000    +0.000000e+000
128     +7.626786e+000    +9.290765e+000    +0.000000e+000
129     +2.371107e+000    +7.197884e-001    +0.000000e+000
130     +5.913516e+000    +1.762160e+000    +0.000000e+000
131     +7.453321e+000    +8.881563e-001    +0.000000e+000
132     +8.451990e+000    +5.197070e+000    +0.000000e+000
133     +9.282453e+000    +7.626526e+000    +0.000000e+000
134     +4.802922e+000    +1.547978e+000    +0.000000e+000
135     +1.334428e+000    +4.999906e+000    +0.000000e+000
136     +1.333460e+000    +6.332852e+000    +0.000000e+000
137     +3.667146e+000    +8.666548e+000    +0.000000e+000
138     +7.127903e+000    +7.824910e+000    +0.000000e+000
139     +6.939983e+000    +3.752305e+000    +0.000000e+000
140     +6.242323e+000    +8.610595e+000    +0.000000e+000
141     +2.872910e+000    +2.174771e+000    +0.000000e+000
142     +2.172185e+000    +2.874045e+000    +0.000000e+000
143     +6.250508e+000    +3.063420e+000    +0.000000e+000
144     +7.069715e-001    +2.375581e+000    +0.000000e+000
145     +1.387967e+000    +3.760055e+000    +0.000000e+000
146     +6.667124e-001    +7.666339e+000    +0.000000e+000
147     +7.828146e+000    +7.125145e+000    +0.000000e+000

%NODE.SOLVER.ORDER
147
123   131   124   88    90    68    64    66    33    34
83    85    106   109   110   21    20    52    49    50
103   100   99    80    75    60    57    58    40    36
71    70    119   117   118   9     8     4     3     2
15    14    44    42    43    142   138   144   132   134
87    35    127   74    86    146   137   79    41    13
95    45    38    63    17    140   48    22    93    104
128   97    30    46    105   18    129   23    98    54
51    27    62    37    114   115   96    55    102   67
28    107   73    81    147   111   130   69    91    139
122   29    84    133   78    126   25    77    61    121
6     92    5     32    143   135   24    10    11    113
145   56    65    26    16    53    116   19    125   94
89    39    31    101   108   82    47    1     59    12
136   141   76    120   112   72    7

%CONTROL.POINT.WEIGHT
147
1       1.000000e+000
2       1.000000e+000
3       1.000000e+000
4       1.000000e+000
5       1.000000e+000
6       1.000000e+000
7       1.000000e+000
8       1.000000e+000
9       1.000000e+000
10      1.000000e+000
11      1.000000e+000
12      1.000000e+000
13      1.000000e+000
14      1.000000e+000
15      1.000000e+000
16      1.000000e+000
17      1.000000e+000
18      1.000000e+000
19      1.000000e+000
20      1.000000e+000
21      9.023689e-001
22      8.535534e-001
23      8.535534e-001
24      8.535534e-001
25      9.023689e-001
26      9.023689e-001
27      8.535534e-001
28      8.535534e-001
29      8.535534e-001
30      9.023689e-001
31      1.000000e+000
32      1.000000e+000
33      1.000000e+000
34      1.000000e+000
35      1.000000e+000
36      9.023689e-001
37      8.535534e-001
38      8.535534e-001
39      8.535534e-001
40      9.023689e-001
41      1.000000e+000
42      1.000000e+000
43      1.000000e+000
44      1.000000e+000
45      1.000000e+000
46      9.023689e-001
47      8.535534e-001
48      8.535534e-001
49      8.535534e-001
50      9.023689e-001
51      1.000000e+000
52      1.000000e+000
53      1.000000e+000
54      1.000000e+000
55      1.000000e+000
56      1.000000e+000
57      1.000000e+000
58      1.000000e+000
59      1.000000e+000
60      1.000000e+000
61      9.371501e-001
62      9.993928e-001
63      9.290695e-001
64      9.621644e-001
65      9.856924e-001
66      9.052649e-001
67      1.000453e+000
68      9.279565e-001
69      9.270700e-001
70      9.319890e-001
71      9.864907e-001
72      9.620916e-001
73      9.863624e-001
74      9.968721e-001
75      9.968538e-001
76      9.966519e-001
77      9.293457e-001
78      1.015754e+000
79      9.073232e-001
80      9.699855e-001
81      9.983154e-001
82      9.052608e-001
83      9.090012e-001
84      9.764937e-001
85      9.763954e-001
86      9.291138e-001
87      9.306920e-001
88      9.337708e-001
89      9.699784e-001
90      9.307729e-001
91      9.301590e-001
92      9.993891e-001
93      9.999591e-001
94      1.000456e+000
95      8.937690e-001
96      9.855954e-001
97      9.806623e-001
98      9.999505e-001
99      1.000088e+000
100     8.774629e-001
101     9.288816e-001
102     9.806697e-001
103     9.983056e-001
104     8.775770e-001
105     8.690622e-001
106     1.001340e+000
107     8.782294e-001
108     9.268663e-001
109     9.269650e-001
110     1.015488e+000
111     8.937683e-001
112     9.762859e-001
113     8.752978e-001
114     1.001335e+000
115     8.695928e-001
116     8.674871e-001
117     8.680915e-001
118     8.767763e-001
119     8.689886e-001
120     9.966388e-001
121     8.752960e-001
122     9.074762e-001
123     9.807475e-001
124     1.013364e+000
125     9.989347e-001
126     1.000509e+000
127     1.013439e+000
128     9.425901e-001
129     9.502482e-001
130     9.040595e-001
131     9.806465e-001
132     9.745197e-001
133     9.503488e-001
134     9.753631e-001
135     9.989275e-001
136     1.000687e+000
137     1.000683e+000
138     8.437935e-001
139     9.283737e-001
140     1.020318e+000
141     8.433053e-001
142     8.443189e-001
143     9.286118e-001
144     9.426852e-001
145     1.020360e+000
146     1.000512e+000
147     8.438326e-001

%NODE.SUPPORT
24
1    1 1 1 1 1 1
2    1 1 1 1 1 1
3    1 1 1 1 1 1
4    1 1 1 1 1 1
5    1 1 1 1 1 1
6    1 1 1 1 1 1
7    1 1 1 1 1 1
8    1 1 1 1 1 1
9    1 1 1 1 1 1
10   1 1 1 1 1 1
16   1 1 1 1 1 1
17   1 1 1 1 1 1
18   1 1 1 1 1 1
19   1 1 1 1 1 1
20   1 1 1 1 1 1
31   1 1 1 1 1 1
32   1 1 1 1 1 1
33   1 1 1 1 1 1
34   1 1 1 1 1 1
35   1 1 1 1 1 1
51   1 1 1 1 1 1
52   1 1 1 1 1 1
53   1 1 1 1 1 1
54   1 1 1 1 1 1

%ELEMENT
26

%ELEMENT.SHALLOWSHELL.BEZIER.TRIANGLE
26
1    1 1 1 3  23    22    70    21    134   89    57    86    85    3    
2    1 1 1 3  23    70    79    89    130   69    3     72    87    61   
3    1 1 1 3  51    99    5     112   131   4     61    87    72    3    
4    1 1 1 3  53    1     106   2     129   97    3     71    77    66   
5    1 1 1 3  57    104   86    116   127   85    66    77    71    3    
6    1 1 1 3  59    30    63    29    132   84    28    88    80    8    
7    1 1 1 3  8     80    64    88    122   90    28    83    109   61   
8    1 1 1 3  61    112   90    99    123   64    51    6     7     8    
9    1 1 1 3  82    91    102   73    133   114   8     9     10    52   
10   1 1 1 3  82    117   91    107   124   73    59    63    84    8    
11   1 1 1 3  13    12    92    11    136   75    55    94    103   33   
12   1 1 1 3  56    15    96    14    135   120   13    92    75    33   
13   1 1 1 3  55    45    67    44    137   81    43    62    74    18   
14   1 1 1 3  43    42    62    41    125   74    60    65    76    18   
15   1 1 1 3  52    16    114   17    128   102   18    78    68    82   
16   1 1 1 3  54    93    20    98    126   19    55    67    81    18   
17   1 1 1 3  60    118   65    119   140   76    82    68    78    18   
18   1 1 1 3  58    25    105   24    143   108   23    79    69    61   
19   1 1 1 3  28    27    83    26    139   109   58    105   108   61   
20   1 1 1 3  66    101   97    110   144   106   33    34    35    53   
21   1 1 1 3  55    98    94    93    146   103   54    31    32    33   
22   1 1 1 3  66    115   101   100   145   110   56    96    120   33   
23   1 1 1 3  82    111   117   113   147   107   38    37    36    59   
24   1 1 1 3  60    40    118   39    138   119   38    113   111   82   
25   1 1 1 3  66    95    115   121   142   100   48    47    46    56   
26   1 1 1 3  57    50    104   49    141   116   48    121   95    66   

%END